7013 5
         1 0.449375 -0.315380 -0.835821 -0.655816 -0.751767 -0.068933 0.606602 -0.579122 0.544657 0.329434 -0.207056 -0.921196 -0.673350 -0.735460 -0.075492 0.661871 -0.645157 0.381706 0.733086 -0.531859 -0.423924 -0.607251 -0.792551 -0.055770 0.306320 -0.298312 0.903979 0.219428 -0.069559 -0.973146 -0.610031 -0.788205 -0.081212 0.761389 -0.611470 0.215388 0.496697 -0.409390 -0.765305 -0.675821 -0.735686 -0.045075 0.544571 -0.539598 0.642088 
         2 -0.490866 0.345004 -0.800014 0.648196 0.758180 -0.070752 -0.582145 0.553295 0.595795 -0.731829 0.545690 -0.408227 0.616781 0.785125 -0.056202 -0.289840 0.292917 0.911149 -0.350947 0.228796 -0.908014 0.670982 0.737830 -0.073420 -0.653161 0.635027 0.412457 -0.519029 0.403290 -0.753635 0.652257 0.756703 -0.044279 -0.552421 0.514546 0.655800 -0.219828 0.069733 -0.973043 0.608964 0.789048 -0.081029 -0.762128 0.610361 0.215920 
         3 -0.637952 0.527034 -0.561474 0.647413 0.761865 -0.020464 -0.416982 0.376560 0.827241 -0.768381 0.570918 -0.289212 0.606531 0.793819 -0.044399 -0.204234 0.209531 0.956235 -0.564321 0.482401 -0.669948 0.666049 0.745514 -0.024224 -0.487770 0.459888 0.742013 -0.758514 0.621732 -0.195205 0.635907 0.771652 -0.013233 -0.142403 0.134169 0.980673 -0.404856 0.278299 -0.871000 0.633746 0.772057 -0.047892 -0.659134 0.571382 0.488943 
         4 0.645087 -0.527892 -0.552443 -0.643892 -0.764827 -0.021034 0.411420 -0.369282 0.833285 0.569436 -0.485819 -0.663116 -0.664294 -0.747115 -0.023089 0.484207 -0.453652 0.748160 0.769450 -0.573826 -0.280484 -0.607817 -0.792770 -0.045540 0.196227 -0.205523 0.958778 0.404926 -0.277857 -0.871109 -0.633354 -0.772370 -0.048046 0.659468 -0.571175 0.488734 0.758614 -0.619404 -0.202097 -0.634742 -0.772583 -0.014759 0.146995 -0.139475 0.979254 
         5 0.540598 -0.378159 -0.751498 -0.620268 -0.782640 -0.052367 0.568349 -0.494440 0.657654 0.352935 -0.175471 -0.919047 -0.594238 -0.800755 -0.075315 0.722716 -0.572714 0.386886 0.746965 -0.536228 -0.393070 -0.601028 -0.797377 -0.054370 0.284270 -0.276859 0.917900 0.262270 -0.105605 -0.959199 -0.612856 -0.786029 -0.081032 0.745401 -0.609103 0.270873 0.473555 -0.373985 -0.797422 -0.666078 -0.744436 -0.046421 0.576269 -0.553128 0.601634 
         6 -0.540477 0.370802 -0.755242 0.616735 0.785187 -0.055853 -0.572296 0.495972 0.653062 -0.262552 0.105990 -0.959079 0.614414 0.784766 -0.081473 -0.744017 0.610663 0.271163 -0.746247 0.559815 -0.360169 0.615308 0.786547 -0.052340 -0.253990 0.260674 0.931418 -0.506434 0.394657 -0.766662 0.657557 0.751919 -0.047295 -0.557802 0.528076 0.640307 -0.356663 0.176001 -0.917505 0.593484 0.801152 -0.077024 -0.721504 0.571996 0.390194 
         7 0.664716 -0.625396 -0.408696 -0.701709 -0.710398 -0.054212 0.256433 -0.322821 0.911059 0.562172 -0.516238 -0.646113 -0.699835 -0.713237 -0.039045 0.440675 -0.474122 0.762243 0.443811 -0.365319 -0.818274 -0.705234 -0.705762 -0.067413 0.552880 -0.606994 0.570861 0.753866 -0.601312 -0.264784 -0.633877 -0.771664 -0.052299 0.172876 -0.207267 0.962888 0.694191 -0.676559 -0.245696 -0.706463 -0.705798 -0.052527 0.137874 -0.210039 0.967923 
         8 -0.659067 0.608177 -0.442438 0.695521 0.716702 -0.050885 -0.286149 0.341261 0.895354 -0.548134 0.501231 -0.669565 0.704957 0.707667 -0.047353 -0.450094 0.497970 0.741243 -0.692154 0.683365 -0.232239 0.710517 0.701693 -0.052855 -0.126841 0.201594 0.971222 -0.361663 0.284385 -0.887877 0.717784 0.692687 -0.070512 -0.594968 0.662805 0.454646 -0.763298 0.606390 -0.222863 0.630526 0.774391 -0.052482 -0.140759 0.180581 0.973436 
         9 0.560597 0.568932 -0.601704 0.763601 -0.636283 0.109806 0.320381 0.521019 0.791135 0.640153 0.708811 -0.296297 0.761040 -0.637791 0.118490 0.104988 0.301346 0.947717 0.332283 0.303463 -0.893027 0.815050 -0.568861 0.109962 0.474639 0.764400 0.436361 0.365203 0.274055 -0.889674 0.751258 -0.651145 0.107805 0.549762 0.707746 0.443686 0.623697 0.718296 -0.308307 0.772846 -0.625752 0.105565 0.117097 0.304114 0.945411 
        10 0.123885 0.005829 -0.992280 -0.658300 -0.747760 -0.086580 0.742492 -0.663944 0.088799 0.112734 0.022410 -0.993372 -0.614651 -0.783938 -0.087440 0.780702 -0.620435 0.074602 0.113591 0.025737 -0.993194 -0.648435 -0.755477 -0.093738 0.752748 -0.654669 0.069126 0.116730 0.005845 -0.993147 -0.694167 -0.714683 -0.085795 0.710286 -0.699424 0.079368 0.316244 -0.216464 -0.923652 -0.690922 -0.719734 -0.067887 0.650089 -0.659641 0.377172 
        11 -0.125520 -0.003559 -0.992085 0.658326 0.747807 -0.085975 -0.742194 0.663907 0.091521 -0.102906 -0.004351 -0.994682 0.649434 0.757143 -0.070500 -0.753423 0.653235 0.075089 -0.316530 0.212569 -0.924458 0.684872 0.725514 -0.067673 -0.656322 0.654556 0.375230 -0.114091 -0.013448 -0.993379 0.693938 0.714467 -0.089372 -0.710938 0.699540 0.072183 -0.112754 -0.022950 -0.993358 0.614628 0.783907 -0.087876 -0.780717 0.620454 0.074283 
        12 0.786210 0.122440 -0.605708 0.116894 -0.991945 -0.048788 0.606803 0.032446 0.794190 0.952691 0.121434 -0.278628 0.115202 -0.992588 -0.038697 0.281262 -0.004768 0.959619 0.482992 0.066023 -0.873132 0.049493 -0.997618 -0.048058 0.874225 0.020002 0.485109 0.954671 0.129724 -0.267907 0.121229 -0.991459 -0.048085 0.271857 -0.013427 0.962244 0.461363 0.106185 -0.880834 0.123140 -0.990867 -0.054951 0.878624 0.083114 0.470225 
        13 -0.205731 -0.933127 -0.294872 -0.971173 0.231752 -0.055801 -0.120406 -0.274892 0.953906 -0.205939 -0.973299 -0.101380 -0.975696 0.212158 -0.054831 -0.074876 -0.087624 0.993336 -0.089435 -0.703143 -0.705402 -0.980361 0.187132 -0.062237 -0.175764 -0.685982 0.706070 -0.285920 -0.958170 -0.012621 -0.956603 0.286175 -0.054898 -0.056213 0.003623 0.998412 -0.222016 -0.974982 -0.010885 -0.973406 0.222276 -0.055450 -0.056482 0.001715 0.998402 
        14 0.587422 0.624063 -0.515248 0.710400 -0.702599 -0.041071 0.387643 0.341906 0.856057 0.675002 0.704892 -0.217944 0.713992 -0.698515 -0.047866 0.185978 0.123301 0.974787 0.555975 0.581667 -0.593763 0.708675 -0.705015 -0.027079 0.434363 0.405729 0.804184 0.651474 0.718734 -0.242905 0.737826 -0.674759 -0.017691 0.176618 0.167697 0.969889 0.302744 0.375449 -0.876005 0.694917 -0.715989 -0.066707 0.652255 0.588555 0.477667 
        15 0.751534 -0.656471 -0.065137 -0.659351 -0.750659 -0.042049 0.021292 -0.074550 0.996990 0.755874 -0.645736 -0.108067 -0.650933 -0.758918 -0.018155 0.070291 -0.084067 0.993978 0.668493 -0.598871 -0.440989 -0.678213 -0.734210 -0.031030 0.305195 -0.319828 0.896976 0.775334 -0.629951 -0.044921 -0.631537 -0.773829 -0.048480 0.004221 -0.065958 0.997813 0.717953 -0.690777 -0.085852 -0.695548 -0.716789 -0.049259 0.027511 -0.095080 0.995089 
        16 -0.756589 0.653008 -0.033971 0.653885 0.755787 -0.034944 -0.002856 0.048651 0.998812 -0.710473 0.702752 -0.036990 0.703675 0.708814 -0.049248 0.008390 0.061018 0.998101 -0.664404 0.593788 -0.453853 0.677827 0.734557 -0.031242 -0.314830 0.328391 0.890529 -0.756093 0.645567 -0.107549 0.650803 0.758999 -0.019365 -0.069128 0.084635 0.994011 -0.781787 0.610930 -0.124793 0.619824 0.783232 -0.048642 -0.068025 0.115377 0.990990 
        17 0.965293 0.170608 -0.197743 0.164685 -0.985266 -0.046148 0.202703 -0.011981 0.979167 0.988477 0.138641 -0.060765 0.135714 -0.989490 -0.049918 0.067047 -0.041096 0.996903 0.974172 0.205167 -0.094318 0.201722 -0.978417 -0.044813 0.101477 -0.024630 0.994533 0.989881 0.134623 -0.044851 0.132927 -0.990364 -0.038860 0.049651 -0.032505 0.998238 0.642450 0.156931 -0.750087 0.178916 -0.982473 -0.052309 0.745149 0.100597 0.659268 
        18 0.342279 0.235783 -0.909534 0.758275 -0.640945 0.119201 0.554855 0.730477 0.398171 0.197033 0.036197 -0.979728 0.749164 -0.650165 0.126644 0.632401 0.758931 0.155221 0.180350 0.050833 -0.982288 0.804330 -0.582442 0.117535 0.566152 0.811281 0.145930 0.234476 0.113547 -0.965468 0.761814 -0.638399 0.109936 0.603871 0.761284 0.236191 0.602121 0.584761 -0.543604 0.745341 -0.655766 0.120159 0.286213 0.477521 0.830696 
        19 0.929875 -0.201553 -0.307748 -0.229102 -0.971803 -0.055780 0.287828 -0.122374 0.949832 0.975841 -0.218475 0.001956 -0.218075 -0.974525 -0.052382 -0.013351 -0.050690 0.998625 0.969012 -0.229011 -0.092569 -0.234617 -0.970535 -0.054925 0.077263 -0.074941 0.994190 0.649234 -0.074163 -0.756964 -0.182532 -0.981342 -0.060407 0.738361 -0.177389 0.650658 0.959360 -0.268612 -0.086465 -0.273725 -0.960302 -0.053808 0.068579 -0.075289 0.994801 
        20 -0.947099 0.210940 -0.241884 0.230545 0.971477 -0.055502 -0.223277 0.108332 0.968716 -0.955013 0.261720 -0.139474 0.271177 0.961045 -0.053436 -0.120056 0.088854 0.988783 -0.957106 0.198425 -0.211129 0.214502 0.975119 -0.055954 -0.194773 0.098842 0.975855 -0.981244 0.187796 -0.043509 0.189964 0.980379 -0.052630 -0.032772 0.059908 0.997666 -0.656309 0.075586 -0.750697 0.180675 0.981765 -0.059106 -0.732540 0.174424 0.657998 
        21 0.041371 -0.486216 -0.872859 -0.847077 -0.480352 0.227426 0.529858 -0.729970 0.431735 0.329064 -0.820053 -0.468219 -0.846372 -0.476016 0.238879 0.418774 -0.317681 0.850710 -0.135654 -0.229021 -0.963923 -0.860603 -0.454800 0.229171 0.490877 -0.860643 0.135401 -0.068253 -0.294906 -0.953085 -0.830885 -0.511995 0.217925 0.552243 -0.806778 0.210088 -0.054758 -0.336917 -0.939941 -0.809372 -0.536295 0.239384 0.584738 -0.773870 0.243325 
        22 -0.459584 0.020135 -0.887906 -0.119973 0.989172 0.084530 -0.879994 -0.145373 0.452192 -0.266560 0.065537 -0.961588 -0.070976 0.993642 0.087397 -0.961201 -0.091546 0.260214 -0.199423 0.060640 -0.978036 -0.163776 0.981982 0.094279 -0.966130 -0.178980 0.185898 -0.262661 0.035260 -0.964244 -0.152650 0.985228 0.077609 -0.952737 -0.167577 0.253398 -0.816365 -0.069408 -0.573350 -0.140603 0.986768 0.080742 -0.560159 -0.146529 0.815323 
        23 0.609356 0.766490 -0.202925 0.792327 -0.598343 0.119182 0.030067 0.233407 0.971914 0.601373 0.792677 -0.100068 0.797901 -0.589366 0.126501 -0.041298 0.155919 0.986906 0.468031 0.540105 -0.699452 0.821824 -0.557003 0.119807 0.324889 0.630900 0.704566 0.645045 0.749517 -0.148800 0.764144 -0.632738 0.125405 0.000158 0.194597 0.980883 0.635379 0.761755 -0.126583 0.772173 -0.625375 0.112492 -0.006529 0.169219 0.985557 
        24 0.696930 -0.664442 -0.269825 -0.668027 -0.738339 0.092710 0.260823 -0.115638 0.958436 0.751319 -0.659641 -0.019848 -0.654791 -0.748870 0.102193 0.082274 0.063783 0.994567 0.725558 -0.686815 -0.043016 -0.681689 -0.725882 0.091628 0.094156 0.037158 0.994864 0.765201 -0.634770 -0.107401 -0.629248 -0.772693 0.083620 0.136067 -0.003596 0.990693 0.521339 -0.539078 -0.661514 -0.663232 -0.743752 0.083401 0.536962 -0.395257 0.745281 
        25 0.729597 0.339700 -0.593542 0.517985 -0.841176 0.155292 0.446520 0.420746 0.789679 0.535717 0.182272 -0.824490 0.516310 -0.843334 0.149038 0.668155 0.505534 0.545897 0.815451 0.537742 -0.214181 0.571788 -0.805889 0.153629 0.089993 0.247743 0.964637 0.826115 0.459729 -0.325857 0.528297 -0.833064 0.164030 0.196050 0.307656 0.931081 0.443098 0.136253 -0.886058 0.553644 -0.818962 0.150929 0.705084 0.557437 0.438316 
        26 -0.023878 -0.803596 -0.594696 -0.999582 0.028874 0.001119 -0.016272 -0.594474 0.803950 -0.018187 -0.547400 -0.836674 -0.999007 0.043982 -0.007060 -0.040664 -0.835715 0.547656 -0.013738 -0.472704 -0.881114 -0.999844 0.016290 0.006850 -0.011115 -0.881071 0.472854 -0.028473 -0.951376 -0.306713 -0.999510 0.031086 -0.003638 -0.012995 -0.306459 0.951795 -0.097198 -0.935694 -0.339159 -0.994771 0.102071 0.003486 -0.031357 -0.337724 0.940723 
        27 -0.691624 0.654186 -0.306100 0.662886 0.743218 0.090608 -0.286773 0.140243 0.947678 -0.489127 0.521657 -0.699019 0.668492 0.738992 0.083721 -0.560243 0.426339 0.710185 -0.708058 0.700465 -0.089464 0.694945 0.713687 0.087759 -0.125321 0.000034 0.992116 -0.738471 0.674211 -0.010002 0.669889 0.735266 0.103111 -0.076873 -0.069444 0.994620 -0.769782 0.634552 -0.069138 0.628579 0.772428 0.090792 -0.111016 -0.026432 0.993467 
        28 0.756717 -0.174431 -0.630043 -0.269798 -0.961173 -0.057936 0.595474 -0.213825 0.774396 0.443698 -0.074751 -0.893054 -0.281009 -0.957863 -0.059439 0.850980 -0.277329 0.446007 0.507757 -0.057199 -0.859599 -0.214163 -0.974851 -0.061635 0.834456 -0.215390 0.507237 0.913503 -0.238072 -0.329901 -0.270804 -0.960982 -0.056374 0.303608 -0.140836 0.942331 0.896190 -0.242403 -0.371598 -0.281876 -0.957876 -0.054958 0.342622 -0.153997 0.926766 
        29 -0.735302 0.176957 -0.654230 0.281913 0.957697 -0.057808 -0.616325 0.226943 0.754083 -0.913282 0.218135 -0.343995 0.252026 0.966070 -0.056504 -0.319998 0.138300 0.937270 -0.927879 0.267807 -0.259460 0.290993 0.955156 -0.054765 -0.233158 0.126317 0.964200 -0.464581 0.098847 -0.879996 0.309513 0.949198 -0.056783 -0.829678 0.298750 0.471574 -0.515935 0.052640 -0.855009 0.202307 0.977364 -0.061904 -0.832396 0.204912 0.514906 
        30 0.753542 0.118406 -0.646648 0.103262 -0.992754 -0.061449 0.649239 0.020469 0.760309 0.462241 0.085817 -0.882592 0.055120 -0.996162 -0.067992 0.885040 0.017220 0.465197 0.950747 0.122184 -0.284870 0.111130 -0.992298 -0.054717 0.289361 -0.020365 0.957003 0.940551 0.120177 -0.317681 0.108075 -0.992591 -0.055516 0.321999 -0.017882 0.946571 0.461242 0.120662 -0.879031 0.139311 -0.988271 -0.062559 0.876269 0.093604 0.472642 
        31 0.677643 0.368125 -0.636620 0.602043 -0.774840 0.192787 0.422309 0.513913 0.746692 0.460346 0.119654 -0.879639 0.582225 -0.788696 0.197416 0.670146 0.603028 0.432738 0.447543 0.149906 -0.881608 0.619631 -0.762817 0.184845 0.644797 0.628998 0.434280 0.812404 0.490846 -0.314754 0.560210 -0.806781 0.187800 0.161756 0.328898 0.930409 0.770968 0.570426 -0.283236 0.628628 -0.752922 0.194769 0.102153 0.328211 0.939065 
        32 0.432047 -0.300223 -0.850412 -0.320683 -0.932478 0.166274 0.842910 -0.200875 0.499151 0.123236 -0.195631 -0.972904 -0.263951 -0.951524 0.157898 0.956631 -0.237340 0.168899 0.207392 -0.241290 -0.948034 -0.318444 -0.932973 0.167794 0.924977 -0.267097 0.270328 0.796659 -0.391980 -0.460094 -0.350591 -0.919741 0.176527 0.492362 -0.020673 0.870145 0.109681 -0.211492 -0.971206 -0.354066 -0.921320 0.160643 0.928766 -0.326252 0.175934 
        33 0.176696 0.362767 -0.914975 0.981285 -0.137220 0.135097 0.076544 0.921722 0.380223 0.148771 0.174124 -0.973421 0.987051 -0.085850 0.135498 0.059975 0.980974 0.184642 0.223914 0.809163 -0.543248 0.974238 -0.170454 0.147668 -0.026888 0.562318 0.826484 0.150369 0.144592 -0.977999 0.980300 -0.149950 0.128554 0.128063 0.978064 0.164291 0.177286 0.229874 -0.956936 0.978997 -0.140655 0.147585 0.100672 0.963003 0.249982 
        34 -0.428768 0.247006 -0.868991 -0.136732 0.933073 0.332686 -0.893008 -0.261463 0.366298 -0.261109 0.300279 -0.917417 -0.166229 0.922203 0.349156 -0.950889 -0.243669 0.190880 -0.196538 0.306289 -0.931429 -0.080188 0.941754 0.326604 -0.977212 -0.138879 0.160530 -0.881010 0.029535 -0.472175 -0.155124 0.924839 0.347289 -0.446943 -0.379211 0.810211 -0.308054 0.255685 -0.916367 -0.171602 0.932477 0.317867 -0.935765 -0.255170 0.243377 
        35 -0.769299 0.574170 -0.280193 0.589688 0.806897 0.034438 -0.245860 0.138733 0.959326 -0.781374 0.624045 -0.004804 0.623666 0.781127 0.029698 -0.022285 -0.020209 0.999547 -0.840046 0.528065 -0.124380 0.528290 0.848387 0.033897 -0.123422 0.037234 0.991656 -0.806035 0.591612 -0.017401 0.590508 0.805827 0.044091 -0.040107 -0.025264 0.998876 -0.495215 0.412456 -0.764619 0.611897 0.790367 0.030042 -0.616720 0.452991 0.643782 
        36 0.754717 -0.545836 -0.363957 -0.574822 -0.817566 0.034150 0.316199 -0.183437 0.930789 0.776296 -0.629362 -0.035609 -0.628744 -0.777112 0.027895 0.045228 -0.000735 0.998976 0.480028 -0.384415 -0.788541 -0.597829 -0.801181 0.026646 0.642008 -0.458622 0.614404 0.842634 -0.530305 -0.093515 -0.529933 -0.847479 0.030827 0.095600 -0.023581 0.995140 0.805706 -0.592249 -0.008873 -0.591296 -0.805108 0.046571 0.034725 0.032276 0.998876 
        37 -0.159028 -0.724230 -0.670970 -0.961267 0.268548 -0.062033 -0.225114 -0.635116 0.738885 -0.040365 -0.465969 -0.883880 -0.973955 0.215881 -0.069331 -0.223119 -0.858061 0.462547 -0.080357 -0.462231 -0.883111 -0.953125 0.294921 -0.067637 -0.291713 -0.836280 0.464262 -0.254988 -0.905808 -0.338367 -0.955363 0.290003 -0.056393 -0.149209 -0.308884 0.939323 -0.242893 -0.928407 -0.281181 -0.961626 0.268571 -0.056086 -0.127587 -0.256768 0.958014 
        38 -0.713840 0.327722 -0.618895 0.423570 0.905820 -0.008893 -0.557693 0.268494 0.785423 -0.855681 0.434915 -0.280463 0.457149 0.889250 -0.015778 -0.242540 0.141714 0.959735 -0.442036 0.245584 -0.862724 0.483300 0.875454 0.001578 -0.755662 0.416257 0.505673 -0.404774 0.154758 -0.901226 0.378568 0.925507 -0.011101 -0.832373 0.345668 0.433208 -0.888311 0.407760 -0.211271 0.418836 0.908022 -0.008528 -0.188362 0.096063 0.977390 
        39 0.721327 -0.309487 -0.619601 -0.401863 -0.915640 -0.010484 0.564086 -0.256556 0.784847 0.390591 -0.140133 -0.909836 -0.365805 -0.930590 -0.013710 0.844764 -0.338178 0.414741 0.819939 -0.412525 -0.396893 -0.456126 -0.889743 -0.017523 0.345904 -0.195401 0.917698 0.412478 -0.213999 -0.885475 -0.466744 -0.884385 -0.003687 0.782312 -0.414811 0.464672 0.892102 -0.392982 -0.222977 -0.404233 -0.914641 -0.005290 0.201865 -0.094854 0.974809 
        40 0.318303 0.440434 -0.839465 0.743691 -0.665158 -0.066995 0.587883 0.602978 0.539269 0.445308 0.509418 -0.736338 0.727777 -0.684982 -0.033758 0.521575 0.520858 0.675771 0.556630 0.651295 -0.515730 0.751722 -0.659144 -0.021069 0.353663 0.375958 0.856492 0.226448 0.341021 -0.912374 0.727361 -0.682204 -0.074461 0.647818 0.646763 0.402529 0.182376 0.343938 -0.921111 0.784582 -0.615534 -0.074493 0.592596 0.709102 0.382106 
        41 -0.553073 -0.602758 -0.575147 -0.718117 0.694901 -0.037705 -0.422397 -0.392169 0.817181 -0.363552 -0.430118 -0.826334 -0.701862 0.709727 -0.060633 -0.612552 -0.557930 0.559906 -0.696941 -0.682041 -0.221571 -0.691486 0.721023 -0.044423 -0.190056 -0.122253 0.974132 -0.656631 -0.729714 -0.190663 -0.741089 0.671202 -0.016592 -0.140081 -0.130403 0.981515 -0.555230 -0.585030 -0.591151 -0.713023 0.700737 -0.023783 -0.428155 -0.408300 0.806210 
        42 0.270744 0.362751 -0.891689 0.947692 -0.263100 0.180715 0.169049 0.893974 0.415009 0.350302 0.789822 -0.503458 0.936555 -0.302471 0.177133 0.012377 0.533566 0.845668 0.235968 0.143754 -0.961069 0.933813 -0.307224 0.183322 0.268910 0.940717 0.206734 0.203069 0.135165 -0.969790 0.961674 -0.213896 0.171557 0.184245 0.967460 0.173420 0.233449 0.206589 -0.950170 0.959550 -0.207094 0.190727 0.157372 0.956260 0.246578 
        43 0.449536 -0.834127 -0.319608 -0.438926 -0.517891 0.734257 0.777985 0.189791 0.598931 -0.021471 -0.800896 -0.598418 -0.407683 -0.539517 0.736693 0.912871 -0.259783 0.314927 0.755046 -0.651946 -0.069803 -0.415767 -0.558380 0.717878 0.506994 0.513010 0.692660 0.757563 -0.649319 -0.066960 -0.437561 -0.581253 0.686065 0.484396 0.490438 0.724452 0.017884 -0.847829 -0.529968 -0.502535 -0.465858 0.728309 0.864372 -0.253302 0.434395 
        44 -0.732739 -0.384198 -0.561682 -0.460921 0.887423 -0.005716 -0.500645 -0.254702 0.827334 -0.364117 -0.207468 -0.907952 -0.492617 0.870245 -0.001297 -0.790410 -0.446800 0.419073 -0.842422 -0.460170 -0.280303 -0.480096 0.877212 0.002771 -0.244610 -0.136907 0.959908 -0.869545 -0.423953 -0.253288 -0.436274 0.899775 -0.008300 -0.231421 -0.103286 0.967355 -0.416917 -0.196320 -0.887490 -0.409231 0.912381 -0.009581 -0.811610 -0.359193 0.460727 
        45 0.423604 0.092965 -0.901065 0.091857 -0.994001 -0.059370 0.901178 0.057620 0.429602 0.229057 0.066582 -0.971133 0.037858 -0.997512 -0.059461 0.972677 0.023145 0.231007 0.265258 0.084170 -0.960496 0.052540 -0.995964 -0.072768 0.962745 0.031162 0.268610 0.836877 0.121661 -0.533700 0.108320 -0.992515 -0.056399 0.536567 0.010612 0.843791 0.218448 0.090238 -0.971667 0.125504 -0.990044 -0.063729 0.967745 0.108026 0.227598 
        46 0.180176 0.460867 -0.868987 0.965723 -0.250706 0.067271 0.186857 0.851321 0.490241 0.234464 0.786086 -0.571922 0.968861 -0.237128 0.071268 0.079595 0.570823 0.817206 0.133527 0.226126 -0.964903 0.958261 -0.277811 0.067503 0.252796 0.933642 0.253783 0.101414 0.199113 -0.974715 0.974984 -0.214688 0.057586 0.197794 0.956171 0.215905 0.110064 0.196802 -0.974246 0.978170 -0.195281 0.071059 0.176267 0.960799 0.213999 
        47 0.716193 0.460488 -0.524422 0.619507 -0.765491 0.173881 0.321370 0.449415 0.833515 0.418683 0.127320 -0.899163 0.588788 -0.791880 0.162032 0.691399 0.597257 0.406511 0.806442 0.478293 -0.347689 0.556642 -0.812438 0.173477 0.199503 0.333438 0.921422 0.460445 0.175054 -0.870257 0.626641 -0.758477 0.178980 0.628738 0.627749 0.458933 0.780637 0.544166 -0.307392 0.609792 -0.770955 0.183801 0.136967 0.330927 0.933663 
        48 0.611511 -0.488906 -0.622114 -0.630314 -0.776282 -0.009508 0.478288 -0.397941 0.782869 0.370045 -0.295716 -0.880692 -0.635170 -0.772336 -0.007551 0.677957 -0.562183 0.473629 0.728820 -0.563879 -0.388409 -0.614015 -0.789269 -0.006318 0.302997 -0.243094 0.921465 0.346599 -0.294018 -0.890743 -0.671607 -0.740716 -0.016834 0.654838 -0.604064 0.454196 0.708124 -0.645820 -0.285442 -0.675574 -0.737250 -0.007915 0.205330 -0.198442 0.958363 
        49 -0.571028 0.481299 -0.665040 0.649405 0.760408 -0.007286 -0.502195 0.436040 0.746772 -0.399603 0.334480 -0.853487 0.650611 0.759379 -0.007017 -0.645773 0.558092 0.521066 -0.429618 0.347540 -0.833453 0.646406 0.762844 -0.015105 -0.630545 0.545238 0.552384 -0.698711 0.604645 -0.382371 0.656383 0.754400 -0.006481 -0.284542 0.255510 0.923986 -0.757495 0.571295 -0.315948 0.602566 0.798067 -0.001613 -0.251226 0.191602 0.948775 
        50 -0.292323 -0.414189 -0.861972 -0.752190 0.656189 -0.060215 -0.590557 -0.630764 0.503368 -0.402398 -0.464206 -0.789043 -0.732706 0.680033 -0.026406 -0.548833 -0.567510 0.613770 -0.538973 -0.630000 -0.559114 -0.748325 0.662842 -0.025511 -0.386676 -0.404649 0.828698 -0.125388 -0.253941 -0.959058 -0.727558 0.680744 -0.085128 -0.674491 -0.687096 0.270114 -0.146472 -0.308121 -0.940004 -0.780699 0.619577 -0.081440 -0.607499 -0.721932 0.331300 
        51 -0.450648 -0.065591 -0.890289 -0.084232 0.995972 -0.030740 -0.888719 -0.061138 0.454357 -0.862716 -0.109480 -0.493696 -0.107823 0.993657 -0.031933 -0.494060 -0.025683 0.869048 -0.170626 -0.031891 -0.984820 -0.039425 0.998897 -0.025516 -0.984547 -0.034473 0.171695 -0.267308 -0.050129 -0.962306 -0.038520 0.998404 -0.041310 -0.962841 -0.026026 0.268812 -0.262820 -0.061191 -0.962903 -0.127155 0.991479 -0.028301 -0.956430 -0.115000 0.268361 
        52 -0.785962 -0.052789 -0.616017 -0.041358 0.998606 -0.032807 -0.616890 0.000308 0.787050 -0.407777 -0.052030 -0.911598 -0.035440 0.998525 -0.041138 -0.912394 -0.015531 0.409019 -0.934580 -0.015942 -0.355396 -0.002616 0.999276 -0.037945 -0.355743 0.034533 0.933945 -0.433757 -0.029720 -0.900539 -0.012676 0.999558 -0.026882 -0.900941 0.000245 0.433943 -0.945267 -0.103938 -0.309302 -0.097669 0.994577 -0.035728 -0.311339 0.003563 0.950292 
        53 0.820972 -0.511250 -0.254222 -0.508030 -0.857289 0.083433 0.260596 -0.060656 0.963541 0.819855 -0.563303 -0.102608 -0.556895 -0.826146 0.085733 0.133063 0.013146 0.991020 0.860992 -0.504562 -0.064111 -0.500143 -0.862807 0.073634 0.092468 0.031333 0.995223 0.882550 -0.469182 -0.031218 -0.465183 -0.880861 0.087685 0.068639 0.062864 0.995659 0.524851 -0.405906 -0.748179 -0.525793 -0.845834 0.090039 0.669383 -0.346130 0.657359 
        54 -0.824110 0.504209 -0.258101 0.500765 0.861495 0.084029 -0.264721 0.059998 0.962457 -0.856983 0.495580 -0.141354 0.488320 0.868555 0.084590 -0.164695 -0.003466 0.986338 -0.842454 0.538427 -0.019183 0.535310 0.840544 0.083243 -0.060944 -0.059860 0.996345 -0.858712 0.511001 -0.038621 0.507249 0.858284 0.077759 -0.072883 -0.047182 0.996224 -0.554466 0.424801 -0.715619 0.524391 0.846056 0.095929 -0.646205 0.322075 0.691872 
        55 0.461297 0.127212 -0.878079 0.567752 -0.802838 0.181956 0.681808 0.582467 0.442572 0.262599 -0.052322 -0.963485 0.556412 -0.807579 0.195506 0.788319 0.587435 0.182957 0.326095 0.032750 -0.944770 0.608350 -0.772234 0.183208 0.723583 0.634494 0.271745 0.316283 -0.018289 -0.948489 0.498811 -0.847242 0.182670 0.806940 0.530892 0.258846 0.792362 0.412192 -0.449735 0.533654 -0.825534 0.183595 0.295595 0.385477 0.874089 
        56 0.551041 0.574019 -0.605686 0.779062 -0.613968 0.126908 0.299024 0.541798 0.785518 0.606847 0.725474 -0.324692 0.789250 -0.598295 0.138306 0.093924 0.340193 0.935653 0.357908 0.346209 -0.867203 0.824160 -0.553693 0.119095 0.438933 0.757339 0.483503 0.440515 0.347949 -0.827574 0.754402 -0.643178 0.131145 0.486646 0.682095 0.545823 0.646695 0.689794 -0.325529 0.753477 -0.644073 0.132070 0.118563 0.330688 0.936263 
        57 0.598310 0.759517 -0.255265 0.775020 -0.629428 -0.056251 0.203394 0.164180 0.965234 0.350963 0.528414 -0.773048 0.785990 -0.614968 -0.063520 0.508964 0.585315 0.631159 0.647772 0.756714 -0.088180 0.755359 -0.653009 -0.054892 0.099120 0.031050 0.994591 0.637317 0.761688 -0.116866 0.761899 -0.645559 -0.052566 0.115483 0.055539 0.991756 0.606497 0.794377 -0.033555 0.792484 -0.607385 -0.055250 0.064270 -0.006917 0.997909 
        58 0.458822 0.563439 -0.687036 0.736725 -0.673496 -0.060329 0.496708 0.478476 0.724114 0.288597 0.369482 -0.883287 0.706322 -0.704981 -0.064119 0.646391 0.605380 0.464428 0.655411 0.727308 -0.203613 0.733902 -0.676963 -0.055757 0.178391 0.112889 0.977462 0.627620 0.710306 -0.318682 0.736248 -0.674586 -0.053592 0.253045 0.200993 0.946346 0.209394 0.350985 -0.912669 0.765144 -0.639980 -0.070570 0.608858 0.683546 0.402562 
        59 0.352453 0.086919 -0.931784 0.129280 -0.990653 -0.043509 0.926857 0.105126 0.360396 0.256637 0.083251 -0.962916 0.126967 -0.990553 -0.051801 0.958132 0.108964 0.264783 0.855649 0.129875 -0.500996 0.130219 -0.990886 -0.034471 0.500907 0.035744 0.864763 0.199915 0.059637 -0.977997 0.074175 -0.996203 -0.045585 0.977002 0.063430 0.203579 0.166714 0.062012 -0.984053 0.152613 -0.987616 -0.036382 0.974123 0.144114 0.174113 
        60 -0.472144 0.011794 -0.881442 -0.036180 0.998809 0.032744 -0.880778 -0.047351 0.471155 -0.272609 0.018888 -0.961939 -0.028970 0.999193 0.027829 -0.961689 -0.035454 0.271842 -0.896322 -0.012366 -0.443232 -0.029194 0.999088 0.031165 -0.442443 -0.040873 0.895865 -0.178895 0.035723 -0.983219 -0.030125 0.998673 0.041766 -0.983407 -0.037091 0.177581 -0.233997 0.009352 -0.972192 -0.108918 0.993407 0.035772 -0.966117 -0.114259 0.231436 
        61 -0.023636 0.431421 -0.901841 0.998593 0.053027 -0.000805 -0.047475 0.900591 0.432067 -0.010696 0.884114 -0.467149 0.999943 0.009565 -0.004793 -0.000231 0.467173 0.884166 0.005081 0.161933 -0.986789 0.999967 0.005414 0.006037 -0.006320 0.986787 0.161900 -0.009839 0.177945 -0.983991 0.999859 0.015109 -0.007266 -0.013575 0.983924 0.178069 -0.022874 0.263954 -0.964264 0.996507 0.083510 -0.000779 -0.080320 0.960913 0.264942 
        62 0.386981 0.685032 -0.617233 0.901779 -0.420877 0.098272 0.192460 0.594637 0.780619 0.452351 0.845942 -0.282419 0.890855 -0.443480 0.098508 0.041916 0.296155 0.954220 0.403744 0.866482 -0.293599 0.914483 -0.391588 0.101885 0.026688 0.309627 0.950484 0.278451 0.456934 -0.844794 0.919502 -0.380919 0.097043 0.277456 0.803811 0.526219 0.313204 0.417103 -0.853187 0.876768 -0.472225 0.091001 0.364939 0.776549 0.513606 
        63 0.748308 0.156575 -0.644608 0.170027 -0.984554 -0.041768 0.641191 0.078346 0.763371 0.470321 0.125034 -0.873593 0.164520 -0.984981 -0.052402 0.867024 0.119078 0.483828 0.942700 0.202364 -0.265266 0.199040 -0.979189 -0.039647 0.267769 0.015423 0.963360 0.927072 0.152609 -0.342415 0.150016 -0.988091 -0.034216 0.343559 0.019647 0.938926 0.534102 0.125009 -0.836127 0.173284 -0.984197 -0.036457 0.827471 0.125415 0.547324 
        64 -0.443483 0.014938 -0.896158 0.031718 0.999496 0.000964 -0.895721 0.027997 0.443734 -0.863976 0.014875 -0.503314 0.019366 0.999806 -0.003696 -0.503161 0.012940 0.864096 -0.223396 -0.006236 -0.974708 0.006285 0.999950 -0.007838 -0.974707 0.007877 0.223346 -0.197985 0.017025 -0.980057 0.039414 0.999179 0.009395 -0.979412 0.036768 0.198494 -0.173971 0.017109 -0.984602 0.080304 0.996765 0.003131 -0.981471 0.078523 0.174782 
        65 -0.721810 -0.353162 -0.595203 -0.414940 0.909127 -0.036226 -0.553909 -0.220825 0.802758 -0.457099 -0.264765 -0.849094 -0.445951 0.894217 -0.038762 -0.769537 -0.360936 0.526818 -0.887249 -0.410297 -0.210822 -0.413618 0.909949 -0.030200 -0.204229 -0.060405 0.977058 -0.860058 -0.413592 -0.298733 -0.419239 0.906597 -0.048174 -0.290755 -0.083808 0.953120 -0.394339 -0.202707 -0.896330 -0.384942 0.922109 -0.039182 -0.834456 -0.329583 0.441654 
        66 -0.799221 0.031713 -0.600199 0.062601 0.997568 -0.030651 -0.597768 0.062070 0.799263 -0.437370 0.026174 -0.898901 0.124190 0.991757 -0.031548 -0.890665 0.125433 0.437015 -0.501564 -0.006710 -0.865094 0.016953 0.999702 -0.017583 -0.864954 0.023485 0.501301 -0.964395 0.027184 -0.263065 0.037425 0.998721 -0.033999 -0.261805 0.042634 0.964179 -0.933558 0.097675 -0.344860 0.113470 0.993205 -0.025865 -0.339990 0.063278 0.938298 
        67 -0.190673 0.463593 -0.865289 0.839582 0.533767 0.100966 -0.508670 0.707230 0.491000 0.012749 0.188560 -0.981979 0.854667 0.507695 0.108584 -0.519020 0.840649 0.154683 -0.034344 0.225168 -0.973714 0.844730 0.527205 0.092120 -0.534090 0.819362 0.208313 -0.002539 0.213920 -0.976848 0.889497 0.446841 0.095542 -0.456934 0.868660 0.191416 -0.356340 0.769053 -0.530641 0.870800 0.479226 0.109771 -0.338717 0.422967 0.840458 
        68 0.454676 0.156049 -0.876880 0.535043 -0.834943 0.128842 0.712039 0.527749 0.463122 0.800384 0.413406 -0.434145 0.507319 -0.852919 0.123110 0.319396 0.318785 0.892391 0.235800 -0.018117 -0.971633 0.476168 -0.869426 0.131770 0.847150 0.493731 0.196384 0.219569 0.000944 -0.975597 0.536103 -0.835602 0.119847 0.815097 0.549335 0.183978 0.224747 -0.007931 -0.974385 0.558140 -0.818625 0.135401 0.798729 0.574274 0.179557 
        69 0.219112 0.721141 -0.657225 0.962882 -0.268643 0.026246 0.157632 0.638581 0.753237 0.151086 0.377356 -0.913661 0.949050 -0.313942 0.027275 0.276544 0.871231 0.405562 0.225382 0.914283 -0.336586 0.973221 -0.227305 0.034242 0.045201 0.335290 0.941030 0.107771 0.438255 -0.892367 0.979483 -0.200549 0.019800 0.170286 0.876192 0.450877 0.300901 0.896457 -0.325306 0.950587 -0.309284 0.026967 0.076437 0.317346 0.945224 
        70 -0.190726 0.504170 -0.842281 0.722530 0.652932 0.227220 -0.664510 0.565236 0.488809 -0.038988 0.359412 -0.932364 0.688333 0.686042 0.235676 -0.724346 0.632589 0.274143 0.021642 0.322134 -0.946447 0.742813 0.628430 0.230879 -0.669149 0.708030 0.225685 -0.564991 0.685444 -0.459295 0.672136 0.705211 0.225634 -0.478559 0.181227 0.859149 0.030143 0.276285 -0.960603 0.686112 0.693151 0.220892 -0.726872 0.665739 0.168669 
        71 0.745652 0.253702 -0.616148 0.293455 -0.955210 -0.038178 0.598236 0.152344 0.786705 0.463232 0.196803 -0.864110 0.320321 -0.946296 -0.043803 0.826324 0.256501 0.501394 0.915158 0.326491 -0.236410 0.327066 -0.944240 -0.037937 0.235614 0.042603 0.970912 0.917796 0.256065 -0.303449 0.256256 -0.965784 -0.039919 0.303289 0.041123 0.952011 0.507727 0.150054 -0.848350 0.230168 -0.972547 -0.034270 0.830203 0.177863 0.528326 
        72 0.115361 0.425137 -0.897747 0.979542 -0.198717 0.031768 0.164892 0.883046 0.439364 0.053876 0.158010 -0.985967 0.978906 -0.203236 0.020920 0.197078 0.966296 0.165627 0.066932 0.134919 -0.988593 0.982399 -0.182089 0.041662 0.174391 0.973982 0.144732 0.195088 0.859988 -0.471553 0.978957 -0.200090 0.040096 0.059871 0.469452 0.880926 0.074047 0.143959 -0.986809 0.958034 -0.285047 0.030305 0.276925 0.947641 0.159024 
        73 0.255780 0.417793 -0.871794 0.938858 -0.322352 0.120974 0.230483 0.849434 0.474700 0.174855 0.125662 -0.976542 0.934739 -0.332793 0.124546 0.309336 0.934590 0.175652 0.184162 0.195620 -0.963233 0.938282 -0.326891 0.113005 0.292766 0.924595 0.243747 0.338768 0.798737 -0.497248 0.938062 -0.327537 0.112959 0.072642 0.504716 0.860223 0.174331 0.212863 -0.961404 0.954961 -0.274637 0.112356 0.240120 0.937691 0.251154 
        74 0.088792 0.836027 -0.541456 0.990905 -0.129323 -0.037183 0.101108 0.533230 0.839906 0.130579 0.936156 -0.326437 0.988357 -0.148853 -0.031525 0.078104 0.318520 0.944693 -0.007134 0.473794 -0.880607 0.997471 -0.058898 -0.039770 0.070709 0.878664 0.472176 0.028756 0.476292 -0.878817 0.992538 -0.117831 -0.031383 0.118499 0.871356 0.476126 0.098296 0.947038 -0.305708 0.992040 -0.117547 -0.045166 0.078708 0.298835 0.951053 
        75 0.168239 0.722067 -0.671055 0.985321 -0.103187 0.135997 -0.028955 0.684084 0.728828 0.186033 0.927843 -0.323263 0.978633 -0.145654 0.145128 -0.087572 0.343354 0.935114 0.087253 0.950632 -0.297800 0.988865 -0.046476 0.141369 -0.120549 0.306819 0.944103 0.147454 0.539607 -0.828904 0.988899 -0.064882 0.133678 -0.018352 0.839413 0.543184 0.176347 0.440879 -0.880072 0.981874 -0.141888 0.125665 0.069469 0.886281 0.457909 
        76 -0.177450 0.719397 -0.671550 0.941575 0.322599 0.096782 -0.286266 0.615140 0.734612 -0.068362 0.421947 -0.904040 0.931338 0.351867 0.093803 -0.357682 0.835554 0.417029 -0.277070 0.925150 -0.259481 0.944250 0.312148 0.104673 -0.177834 0.216013 0.960059 -0.279181 0.891362 -0.357115 0.939665 0.330175 0.089520 -0.197706 0.310576 0.929761 -0.020256 0.396807 -0.917678 0.954560 0.280642 0.100280 -0.297331 0.873948 0.384461 
        77 0.284177 0.785786 -0.549349 0.950328 -0.306728 0.052860 0.126964 0.537084 0.833919 0.332758 0.868804 -0.366677 0.939989 -0.336700 0.055262 0.075448 0.363061 0.928706 0.261013 0.921306 -0.288214 0.964926 -0.257698 0.050100 0.028115 0.291182 0.956254 0.200406 0.419238 -0.885481 0.942048 -0.330659 0.056656 0.269040 0.845520 0.461208 0.176181 0.406022 -0.896720 0.946837 -0.319016 0.041582 0.269185 0.856373 0.440641 
        78 -0.849183 0.475182 -0.230414 0.490195 0.871564 -0.009175 -0.196461 0.120739 0.973049 -0.872407 0.482399 -0.078726 0.484862 0.874468 -0.014661 -0.061771 0.050962 0.996788 -0.858687 0.510517 -0.045049 0.511256 0.859408 -0.005901 -0.035703 0.028099 0.998967 -0.565378 0.330043 -0.755923 0.503466 0.864015 0.000680 -0.653353 0.380197 0.654660 -0.893436 0.444188 -0.066850 0.445317 0.895370 -0.002231 -0.058865 0.031763 0.997761 
        79 0.861272 -0.450877 -0.234352 -0.464704 -0.885456 -0.004288 0.205575 -0.112598 0.972142 0.876546 -0.475891 -0.072078 -0.478042 -0.878206 -0.015194 0.056069 -0.047774 0.997283 0.851431 -0.520357 -0.065520 -0.521552 -0.853218 -0.001340 0.055206 -0.035313 0.997850 0.603375 -0.338081 -0.722246 -0.486729 -0.873550 0.002285 0.631691 -0.350159 0.691632 0.897829 -0.436350 -0.059181 -0.437333 -0.899290 -0.004143 0.051413 -0.029601 0.998239 
        80 -0.088425 -0.796246 -0.598476 -0.989653 0.138385 -0.037894 -0.112993 -0.588933 0.800244 -0.127936 -0.955890 -0.264397 -0.989594 0.140735 -0.029964 -0.065852 -0.257813 0.963948 0.013146 -0.387110 -0.921940 -0.996463 0.071461 -0.044214 -0.082999 -0.919260 0.384801 -0.048287 -0.494328 -0.867933 -0.988600 0.147723 -0.029134 -0.142616 -0.856632 0.495825 -0.129280 -0.951952 -0.277621 -0.988411 0.146175 -0.040954 -0.079567 -0.269109 0.959817 
        81 0.871707 -0.304816 -0.383686 -0.351367 -0.934572 -0.055819 0.341568 -0.183472 0.921775 0.918670 -0.388580 -0.071070 -0.392523 -0.918174 -0.053682 0.044395 -0.077213 0.996026 0.685514 -0.219502 -0.694183 -0.362879 -0.929608 -0.064403 0.631182 -0.296053 0.716912 0.949906 -0.309717 -0.041878 -0.311655 -0.948737 -0.052626 0.023432 -0.063041 0.997736 0.941475 -0.330174 -0.067894 -0.333962 -0.940986 -0.054901 0.045760 -0.074362 0.996181 
        82 -0.908218 0.320492 -0.269119 0.346376 0.936564 -0.053597 -0.234870 0.141894 0.961614 -0.944353 0.304417 -0.124611 0.312765 0.948318 -0.053580 -0.101860 0.089572 0.990758 -0.943022 0.325222 -0.070289 0.329153 0.942726 -0.054101 -0.048669 0.074154 0.996058 -0.924934 0.372074 -0.077828 0.376581 0.924796 -0.054223 -0.051800 0.079461 0.995491 -0.570864 0.174621 -0.802260 0.378621 0.923012 -0.068512 -0.728533 0.342864 0.593030 
        83 -0.542586 -0.047006 -0.838684 -0.087350 0.996177 0.000678 -0.835446 -0.073627 0.544618 -0.251976 -0.001051 -0.967733 -0.036214 0.999309 0.008344 -0.967056 -0.037148 0.251840 -0.281694 -0.017834 -0.959338 -0.041513 0.999118 -0.006384 -0.958606 -0.038027 0.282186 -0.811438 -0.082901 -0.578530 -0.100976 0.994888 -0.000936 -0.575650 -0.057658 0.815661 -0.162679 -0.019892 -0.986479 -0.129048 0.991637 0.001285 -0.978204 -0.127513 0.163885 
        84 0.192681 -0.770994 -0.606994 -0.945002 -0.312403 0.096833 0.264284 -0.554952 0.788785 0.316022 -0.912403 -0.260098 -0.932387 -0.349371 0.092705 0.175455 -0.213215 0.961122 0.030890 -0.449904 -0.892542 -0.958676 -0.266005 0.100906 0.282819 -0.852542 0.439529 0.102747 -0.497665 -0.861262 -0.930710 -0.353653 0.093320 0.351030 -0.791997 0.499519 0.244146 -0.923983 -0.294361 -0.951971 -0.286204 0.108804 0.184781 -0.253659 0.949480 
        85 0.388600 0.113418 -0.914399 0.115129 -0.990595 -0.073941 0.914186 0.076541 0.398003 0.263280 0.094699 -0.960060 0.065843 -0.994614 -0.080052 0.962470 0.042137 0.268098 0.874368 0.127681 -0.468164 0.115062 -0.991801 -0.055597 0.471425 0.005256 0.881891 0.176643 0.094432 -0.979735 0.133766 -0.988455 -0.071155 0.975143 0.118487 0.187235 0.201162 0.108218 -0.973562 0.124671 -0.988625 -0.084132 0.971592 0.104451 0.212366 
        86 -0.446768 0.048535 -0.893332 -0.140338 0.982364 0.123557 -0.883574 -0.180570 0.432078 -0.208649 0.107570 -0.972057 -0.091191 0.987462 0.128849 -0.973730 -0.115527 0.196224 -0.285725 0.063732 -0.956190 -0.170866 0.978410 0.116271 -0.942956 -0.196602 0.268667 -0.822897 -0.079675 -0.562576 -0.173845 0.977942 0.115788 -0.540942 -0.193083 0.818597 -0.260651 0.087261 -0.961482 -0.163724 0.977486 0.133098 -0.951449 -0.192109 0.240496 
        87 -0.563975 0.420029 -0.710991 0.563428 0.825169 0.040557 -0.603723 0.377719 0.702031 -0.309239 0.266300 -0.912938 0.567389 0.822072 0.047603 -0.763178 0.503271 0.405313 -0.786077 0.552182 -0.277809 0.563588 0.824841 0.044776 -0.253873 0.121373 0.959592 -0.811981 0.530467 -0.243500 0.539097 0.841494 0.035516 -0.223744 0.102431 0.969251 -0.379059 0.319550 -0.868448 0.594837 0.803047 0.035852 -0.708861 0.502995 0.494482 
        88 0.626939 -0.459731 -0.628964 -0.564995 -0.824161 0.039231 0.536403 -0.330766 0.776444 0.785047 -0.507047 -0.355815 -0.530582 -0.846862 0.036162 0.319662 -0.160400 0.933857 0.439084 -0.361317 -0.822591 -0.594912 -0.803021 0.035168 0.673264 -0.473927 0.567545 0.385134 -0.324080 -0.864085 -0.578377 -0.814377 0.047646 0.719132 -0.481418 0.501085 0.773749 -0.566673 -0.283185 -0.579558 -0.813702 0.044742 0.255782 -0.129503 0.958021 
        89 -0.973029 0.027328 -0.229060 0.033492 0.999173 -0.023065 -0.228240 0.030115 0.973139 -0.997137 0.017919 -0.073459 0.019306 0.999648 -0.018211 -0.073107 0.019577 0.997132 -0.999854 0.013334 -0.010697 0.013680 0.999364 -0.032928 -0.010251 0.033070 0.999400 -0.642558 0.001002 -0.766237 0.024921 0.999497 -0.019592 -0.765832 0.031685 0.642260 -0.994717 0.072324 -0.072845 0.074141 0.996993 -0.022549 -0.070995 0.027830 0.997088 
        90 0.493777 -0.630156 -0.599239 -0.812828 -0.579350 -0.060536 0.309022 -0.516970 0.798278 0.536040 -0.789458 -0.299026 -0.835512 -0.546796 -0.054161 0.120749 -0.278872 0.952707 0.331192 -0.322564 -0.886716 -0.789076 -0.609963 -0.072835 0.517370 -0.723808 0.456542 0.551530 -0.775315 -0.307735 -0.823978 -0.563823 -0.056244 0.129901 -0.284587 0.949808 0.286341 -0.310867 -0.906295 -0.832403 -0.549121 -0.074642 0.474461 -0.775776 0.416003 
        91 -0.282390 -0.664985 -0.691412 -0.893220 0.445140 -0.063312 -0.349877 -0.599705 0.719681 -0.379382 -0.853687 -0.356773 -0.903348 0.425144 -0.056693 -0.200079 -0.300782 0.932469 -0.444956 -0.860595 -0.247772 -0.880459 0.470962 -0.054652 -0.163724 -0.193835 0.967276 -0.158193 -0.394522 -0.905167 -0.858711 0.507500 -0.071122 -0.487432 -0.766026 0.419064 -0.124404 -0.416853 -0.900421 -0.906868 0.416006 -0.067297 -0.402633 -0.808191 0.429784 
